6.44061638787728
2.57010269139762
6.94805690418123
3.79412866676241
6.87277018166139
4.2617698558568
-1.81205391080667
-4.20111146790113
13.0193191698515
-1.0280404504221
5.84799454610751
-1.28364836378996
-0.641573798090666
4.30614246852967
-0.682414937893533
-0.35364842665934
4.12964314659794
-0.180990073043283
4.20109783368192
2.24323523905151
-8.09836660416512
3.58253561731093
6.09595980165262
5.01247825745485
10.0428177093002
0.906797123581748
1.93599313648344
-2.90381758997695
-9.7513719115203
-4.75560162975203
-6.54768297459804
-2.57578919198499
2.43180181969115
-5.20255226356111
-3.22525763228288
1.36223276984923
10.1825368230986
4.20239930695445
0.117339191947752
5.87108658762854
5.63053878651727
-0.201349285880399
1.00221546900997
8.21447402024952
-0.177250833860273
4.333008962345
0.176301871225674
-1.95332736952289
4.33202568828061
-0.260272338270053
-4.26863745686014
-4.1795416729635
-2.17271769222037
2.87879077625481
-5.6905751563769
-2.78053273220995
4.2688217453291
2.31600364137151
-2.55808681883524
3.18703049153455
0.524416051173347
13.4227023925977
0.413458622647934
1.89991472329805
5.47725675581661
7.21687142348655
2.31495573645218
-4.72423335377746
3.7849615773584
0.293258800767189
-2.3243087834941
10.854457755129
7.15443379630501
6.20140090104008
7.77504580848159
-2.51655109921534
1.58679970976056
0.161305980409771
8.93660824082978
0.374471473093032
1.5306087441801
-1.61681761678305
1.73176173010698
0.942048634969825
1.40451080000244
6.56460998017078
7.65463445832366
10.8366808414927
-3.11652300570137
-4.09018894868126
13.4196110978791
3.73744354349745
1.76429631994072
0.355676940903313
4.95463704104104
-0.949445674586037
-0.456379029331691
1.33709221724893
2.54427631060744
3.12251303292833
0.44398070252197
3.04083009623248
-11.1988415689965
3.74524716923944
-5.75442994648481
4.737120548827
5.71575212826581
0.262344978729061
0.254531209749543
-0.271887250832129
-3.90898630124744
4.3773487800953
3.19894143265659
-1.68240016819468
4.57522127269081
10.9077451768521
-0.825572507159971
1.75803331788205
2.66547692342097
5.57620495876504
4.17123609026925
4.68020640016275
-4.39972966649428
2.89479536111018
-6.551220820565
-4.97890895403532
0.131788533791801
1.83600508982607
-0.230248413500209
0.0807145736086923
1.40384831181871
2.42741744067539
4.48752884311404
-5.56308272930089
2.32461718849779
1.76091982805529
1.15253105278438
-6.82738834031513
7.20611027149171
0.784579349198053
-0.0763286899307402
0.97085042960343
2.05734076640962
-3.020249930037
7.50732448485512
1.0862412213597
-2.53340090014593
4.34080850361849
1.06019803433049
-1.82124471295276
7.86308524024783
5.10104631681752
-8.90159570058874
-2.71765701012255
1.25532505205527
-0.650530736211744
-0.866511083458735
-2.66024054911939
-9.08874485104685
6.44181073786892
-5.97688562016628
1.11332971072738
3.47945686023716
-5.34825953462571
-0.240094489280727
-4.43862960976207
-1.62305217776419
1.68161177163112
3.2400219112829
2.69547500350368
-2.5051653062393
-4.39608111187619
-0.484671049448542
1.34018619683315
-1.19762442807199
-2.84255628707301
2.22054259504817
1.06054045965349
-0.0102559670937385
2.63493913503568
2.3777071161328
1.13474497423815
3.67861770920582
-10.4021665103139
-1.44578445824081
4.00769075779481
2.30412956608717
-3.73323281805416
8.6103914128273
3.8237571916283
5.99575240623313
9.51898690033544
2.54581525326883
1.04080165907253
10.846858761923
4.32007871709935e-05
-2.79350793869233
-0.877336240777784
4.19915127291008
4.57621112559718
-3.09236440083035
-1.66961617721591
-6.43071410816612
-7.13703068938238
6.09075055726073
1.97347091527523
-2.1263541354972
-3.98918247786042
-2.46921464603742
-1.03587077148741
-5.84629795558563
1.18649769977538
6.71407651186252
-6.58042647515931
-0.481273344652383
0.2778287121482
4.29941449292542
-0.449354385858253
-1.67997984072188
-0.761037364790015
0.486458704028607
6.75634297717048
4.11592849179573
-1.84079389766349
6.5807608910834
-0.940231903868194
-4.1733900349104
-1.93131594147479
-0.00840363549535458
-0.00330438300805332
3.53145085207968
-0.316804213147885
6.92633653323153
1.05263906394351
10.2483393594205
3.25735031789111
1.60803520626343
-6.34427342606345
1.9228129952216
1.92026609275525
0.989319476684401
3.05383001551297
2.74883551087184
-1.71791295401106
1.88334109602987
0.0862930879949825
6.65700041015411
0.860817475172738
1.17059797204839
4.89797211908323
8.26566825351746
-1.00474450474642
0.627800776442841
3.18077803548861
-4.84191509905535
-1.21163895781214
1.4254742283151
-0.85412063545226
7.01719072832126
0.274908294495476
-0.011938264913802
-0.0409098048826385
-2.65211377704048
0.873872213200329
10.1126957749288
-2.48701515057812
0.421356589741391
-2.78073148054614
-3.07415365404693
-2.40437104150903
2.83858550396404
4.81900665804168
-2.29627484740649
-3.09489030592859
2.74587077252171
7.62002658651458
-1.0419295970441
5.14217339002698
-2.94659219210482
4.30384994201098
5.29787400064835
-7.1914311373637
-1.76789655118259
0.498441262307185
-0.519818663056283
-2.57480503674871
-6.09279117979878
0.737469821701534
3.01132311854932
0.199042329520796
6.0407928614707
-0.26333879284501
-1.79657189924969
1.99607008151478
1.28707159785412
-4.63422399275463
0.8775036760551
-1.20367700057292
5.21800058019265
0.160903344050657
0.249223154745492
-1.3506101447074
4.15308901483287
-0.614132389040513
0.0788937474908599
-0.501806042331707
3.84200391588633
-1.03992542839606
6.77642400347955
2.05310956873242
-0.201084129976807
0.834217050149538
-5.89431638367524
-1.64588565709843
-5.77009426163558
-1.10899543631342
1.47601084062908
-3.05121822349386
-6.83549061168127
-3.268909873444
8.22146374386003
-0.0703858064118471
6.46001633201629
1.34706134248407
-7.08612115019576
-2.45122452923545
4.16856503174949
3.42774435388434
2.01344010359535
7.36969334003546
7.83020000163356
-1.55457041989825
-1.13769467792381
-1.81070322243491
6.553032107526
1.32536760073372
2.20352757389885
4.3866657727276
3.23332599297516
2.73325961385262
-2.83830456046217
4.87678654264684
1.87382529893628
8.53390086826153
-3.75840251388985
2.47617885175456
2.9409981880395
4.24767165752254
0.318519439615851
-0.39563935930143
4.88480021881388
0.134698688648484
3.64243306787064
-8.27818097602857
-2.55142745540276
-5.48071280549582
-5.19982031965981
-1.73505674955883
-6.77152613967808
6.74773655414359
6.04833370987082
-3.32508057761016
1.21746723794698
-2.09679703665716
4.59975705805762
-2.87400436098967
9.42038211100553
-1.28471601348108
1.13951303283868
-2.89645465939866
2.16609539669859
8.31137590352364
-11.7880827712725
-0.23926197730058
11.7509380672636
3.4122123970904
6.93304144461518
3.14277220268688
-1.50049572185065
3.93395970651005
0.0779559951337478
4.93264229863798
5.78166079153079
-0.816277554868808
-0.651056910512427
5.80733885642415
10.6940189664381
2.63411553170212
-0.769963118995121
-3.26268347569759
-8.86366716533223
2.29075097309547
-13.3392602769716
-1.59559223321152
3.55227961359487
2.90686384853756
-0.535582229161898
5.02361961369172
11.9633897910489
-5.00090468288724
0.945435966446769
2.83322473331848
7.24817003545035
-0.821122579093679
2.66122785558724
-3.22969862591519
-5.44781494032639
-1.00031129602468
-0.416759541462584
0.117835360562754
2.14101793517391
-0.133266445717125
-6.03367774532248
1.59680654815232
5.13571234524183
-0.516934774780926
-1.83762857639321
3.41283512762112
0.422631457634524
1.2053088424389
-4.70851660583487
2.95389968000652
1.16219643824793
-7.44602890046802
-2.48165734054584
4.0020512109011
3.05866516892353
0.905875401487036
1.37250227245002
4.16727392476437
5.2401273010982
5.65270232869301
8.67130551013686
-0.532164507800583
0.272637611295347
1.38358289396358
7.65243126024567
-1.3778727537651
2.15278542889018
9.81984595320002
3.63151460397773
0.0976300693976982
-6.6679184285093
-1.50980486242448
4.87484925216278
3.7991177799185
1.40234009249363
6.92696241966519
-4.03187942502011
6.20036961133963
-1.31059027169397
4.59778920806999
3.69711952331331
-5.31722985151696
4.99701335962163
-1.86478016759688
-1.88273405885101
-0.87336217355917
-2.89777207387653
2.6246242721671
-4.6818936386188
0.54508560900157
-3.415949814924
7.76353397558584
10.2366680591398
7.99384832702351
7.60322604026485
1.12158210721551
-1.31899093695502
0.396374782330632
2.36646552827997
-5.23616164643128
-2.82020824192548
2.2810936957041
2.61477199052131
0.791981089646532
-3.99705128074442
8.67013331312261
4.6420394078412
1.09535935047782
7.46788421854319
0.250651432876597
3.60941949688476
4.07082368671572
-1.11315228374358
6.79814030852025
-1.32616099345851
-1.26000766805108
0.175976684502779
1.19645166834264
2.95217211864224
2.27416764826838
9.92869333830098
-3.45834490693091
-1.3936818124688
-9.46884254498962
-2.60935759650159
-0.614135010452593
5.92908064044043
3.72590013247955
6.61870571033218
-1.83072294290569
6.41451394129944
3.11272765564522
-2.19221872563775
7.71729526240134
-0.689954095685204
2.98432456054126
-0.818405950296655
2.28328041577005
10.1820665365082
2.19523560725165
2.68099202572104
3.10498121780517
8.02236757884626
2.00643294833512
3.49186246852696
-0.889274566962589
10.9526205921717
5.94487948981853
2.25566222235094
-1.00299408690446
1.06643524013022
-10.5653584754503
-0.0381319601588992
5.38797758484187
1.31863296481501
1.31450092258777
-11.4422959541961
-1.26696723001336
-3.06616563443823
1.6053707824629
1.38109435001695
-3.90761110756355
2.55019492221169
-0.705063578832684
1.35535992781129
-6.97933215557924
3.54007893585822
-1.16347474017676
-14.6013199656218
-7.02769765029342
-1.21284867834523
3.45098135011817
5.14838158291804
9.05826642222984
2.04631812477719
1.87317861549303
1.98482521663131
-1.56936302788627
3.42616211914711
-4.47324733365693
-0.158303916503021
-8.13495232679122
1.17696752955424
2.35389401889348
3.37837655253129
5.03699766572531
4.55245808175425
5.97277533852533
-3.29827430910064
3.01465662133572
3.68561180787147
1.06202878246003
1.79850497465211
4.11451124924066
4.59190807756044
1.22996313086248
2.61759992682205
-1.77570492145293
-3.5778760990813
2.48599612412374
-1.52551866030433
4.24073213666775
-2.31033862683701
-2.1541768110565
-3.58849003511394
-2.81399875236841
2.93755072415118
-3.44850354396381
15.9331571543646
3.54258235315119
-3.53684889625428
3.90906951767507
1.0004036499316
-6.29149160092696
-2.47677951721234
-4.38033420598213
1.10355576842932
4.74349080127764
-3.61174604838617
3.01694674578584
-0.142431791465341
-5.1990726967785
3.89140622600527
-4.69865833594232
-0.671979918270261
3.45355877190668
-10.1507450547725
-0.336366079172302
-1.6673087845484
-1.34631313491508
2.17389071460066
3.8636096585688
-1.10921166997731
4.17919775854749
-0.984968337407462
-3.44170273243951
13.1118138301629
8.49770120441195
-4.02720019374026
8.04608716923768
3.07198314697297
-2.50150229568383
-2.79132827154928
4.21951589304874
-1.99735607417059
4.45627199157952
7.83999418189237
-0.170085081016221
-6.20743484977604
-2.31666335508615
2.01002461331897
3.55220563764248
5.46499719342037
7.43844095526853
3.57255454083296
6.01280267108854
1.54468871892713
-6.5311561009119
0.602733281805948
5.54713952846684
-1.19305603879928
-0.317658598319968
-14.8167173340031
0.718520089227445
0.221013965427655
-9.83521344654341
-4.75378164608409
3.4729730311321
0.0763030884005777
-5.95739277127865
4.33440491339885
2.29525619813337
-5.31328471178331
1.18161969235056
-2.57629353226177
-1.82816204713907
-1.07454384658718
2.79581695834264
2.11451673803074
-1.81652559717632
-4.84549936099652
1.63119758694057
4.67764627317394
5.15530567554286
4.199778614929
9.04347218988307
4.52758775115962
3.52673409580304
-9.94410692835955
-6.99567627494921
-2.57024187954724
-0.284359103362451
0.913601999531111
5.1222206332114
-2.9939766794623
5.23462852627703
3.25053886861746
0.206108212039825
9.63290898271611
-0.175933229188646
1.91073948172272
2.77296145477051
4.24001200801525
0.196639190967676
-7.16396782712311
-2.51045500791525
3.41745908503535
0.490973285454506
-3.93851550643188
-1.37039509011005
1.86271518298383
2.11608530277655
2.85352681706451
3.30802787282378
-1.67244144215094
2.55538256254122
-0.414626306621619
2.22370330809111
2.03815832884937
1.77644143903267
1.35730239564736
-1.33035144850603
-3.66126193948772
3.00267246368756
-2.61497055010841
-2.6865700473826
3.3165207052909
5.46019141216779
-9.98241531844214
-8.08119719102917
-0.211865327811565
3.35852552519099
0.260310001195995
3.82776117637507
3.44054342203765
-0.0328145420132679
-1.95714984322808
-0.0504654679444069
3.59685530865846
12.8404726126314
-6.15186204727929
2.5427993400928
4.65080180340536
-4.59945477553982
5.38892666505981
-1.17417424343679
0.10464121051377
6.46605582984536
2.13071500431865
-3.38940451482189
2.07848107202575
-0.841279817845694
5.90550273908608
-2.15538422294793
3.81369865236864
3.31297796550784
3.37476731015118
-0.254441193468866
6.462949651739
1.30625465988738
-0.652592999829316
1.81294781778145
9.64850290128249
-5.12237717207739
-3.40019223577464
-3.11811982304075
6.4315809607679
-1.046737776949
-5.34652035202556
-4.62830190745198
-4.05374728614961
8.60188187488779
-3.38359666991338
7.35579069569195
10.1934581151644
-0.632636225807661
5.71393611057459
-6.54120584359742
0.354885186416086
1.46157348763985
7.95481849818755
-2.13967423132255
1.16425232251901
-8.98395372339064
-3.162048933455
7.29518390639253
3.42518045076647
6.37083437139402
4.45758500094814
-2.30887150589775
-1.65010992566422
5.34411497391289
3.64036072558004
5.78568333937958
3.87208227586087
1.23110435347977
-3.22083006267274
-1.54741070311315
-8.19244068266471
-3.02649234217626
3.1517877107098
4.42890510061068
6.11917043340686
6.85662121607028
0.76392784318638
2.07605801919438
-1.94141467899102
2.60543224190756
-1.52425658823996
-3.33335586128428
5.27737949815053
3.76777151742667
1.83219359160485
-1.15756849029013
2.24989406316362
9.22023454584268
0.718396822148642
2.49325225294458
6.94526439717167
-0.500575633076841
14.9079454687528
5.3476870217707
-2.359592680777
5.61767857419904
-1.85208253720837
-3.06470570499095
-1.40259927844551
2.096670651703
8.22077276902093
-2.12218719661077
-0.0780261073701273
-5.18294686566945
5.25382372020741
-1.25430026949934
-0.845801030173059
-6.36886591590434
9.86245964072547
0.867772668631629
0.99873133739544
-3.70482115540843
1.85815143334621
3.75177021919342
-1.62308349556184
-4.01335579058386
-9.40729640592046
9.92052697731831
2.78477253322439
-3.27968608843182
-2.32642853799431
4.06310027009963
10.6996316741773
0.456185999385352
-4.64370214380655
3.45126293280042
0.367094530929151
3.25828854058401
5.26322037875493
0.0632908300512188
-3.06913090830862
7.36625972341327
-0.676272229117703
-1.07749221713374
-3.19934919675337
-1.20077203718077
3.11075894136437
2.83471460613472
-0.612037464158944
2.08970314453071
3.51655015603308
1.86515571187344
-4.44938014010288
3.36348830053401
7.02131544619087
-0.128036487170439
-0.100232473934616
-0.564411349763156
1.4867615628521
4.17440613719367
-2.94736267551804
-7.08451734169545
-2.8618019393458
0.101855193855879
4.78942508030843
2.069165412118
4.88759816412105
2.61591235616417
4.32963609360184
3.50009500177336
9.80542059040228
-6.8378902561837
3.22117990233147
-0.838684637713
4.3476599622153
1.7459451602238
10.0790192458662
-2.67526268863486
-7.6906901174909
2.0498991219119
3.04768411375715
-3.21380539204865
-1.690728978066
9.43220148105708
4.25225349022711
5.5797836421794
11.3798892207364
8.13256341653997
18.2688229776228
2.81128896184625
14.004922650883
-3.30684929929327
5.28602719102366
0.627092077064697
3.62483148095067
5.52573591324522
-0.58203517788881
1.77593791271739
0.0143778230845904
3.38793840536184
-1.81752530926505
2.76484074028374
1.78756366669976
-9.34436434220368
9.31387900481486
-0.881022280415456
0.279880107519223
-1.7009500217676
-0.0808340447222728
-1.46708036189706
-2.3382561820842
1.30338056721399
-0.427975519804653
1.59881039810621
-6.07504897242194
-0.329037417005653
9.63773603938112
4.06366408388161
0.481293065667582
-3.95146210146695
1.77531486004561
-2.62999232065547
-9.43817598803356
4.37371208648303
0.742541202669371
-0.0675018733541008
2.70010385678826
5.16072833283905
0.247173544088326
-9.77365293869027
2.12812177043872
-0.205256281277921
-2.69180303095633
3.06060661309294
7.19648272723169
0.685463466794113
1.17966331296436
4.80407896278683
0.91163166775117
-1.94080049203752
5.93350858244248
-0.100672959832025
2.95324494257311
-4.59461472598751
-7.07794647539416
-0.581145477749429
3.0714358298768
3.44522226087929
0.57413858669391
3.76868449221846
4.33520049571566
2.86021224903665
0.824946632579076
-4.60746597277606
-0.0560520225627329
2.0093948936379
-6.32440164908048
9.8256804745638
3.10390806210973
8.14682346167994
-1.68838314409564
6.93305086327682
2.93314038970332
1.75686738716716
1.12793898451018
-1.90124162763352
1.24098108825844
1.88202961280491
4.55802555707637
-3.3534865203522
1.61894744557401
-5.18245977236265
0.352907574622462
5.26842545936681
7.54740784904396
4.40205990472058
-0.96069135330768
5.88501491156562
-1.85335430333843
3.89215603268953
4.96148934641835
2.37629127307218
7.38670687269065
5.59833595635367
-3.4790848356452
3.92186961012028
-1.9256210122277
5.62752153194873
1.97034736140837
-3.08767430965472
3.50134808641787
-3.67500530846835
-2.24890565135053
-0.548744007620429
2.9338138189883
-4.81257875538451
1.73486761400468
3.58528137450046
8.95134883200016
5.42352449910336
1.46183612713919
1.22624793755728
-4.38539774668604
6.10063097709097
-5.37113271117255
-0.376354149785814
3.27537613963219
0.37950812951039
3.76251158677591
5.13029092298469
